0.6868291392840997,-0.2522043077623783,-0.1920409610837654,0.293662377878454,2
-1.054601485244013,0.04791846128402899,-0.06731930411327514,-1.409409874475465e-06,0
-1.051010797934154,0.0957172139031494,-0.06719035243069027,-1.12757813632014e-05,0
-1.045036103942959,0.1432768259885829,-0.06697610431958034,-3.805863424052869e-05,0
-1.036692057576183,0.1904784184879293,-0.06667756825722015,-9.022282159487638e-05,0
-1.025999128989732,0.2372039396336264,-0.06629615904093189,-0.0001762417426882656,0
-1.012983558533176,0.283336437083629,-0.06583370084523854,-0.0003046012217836069,0
-0.9976772983589928,0.3287603269580619,-0.0652924313394545,-0.0004838042928431707,0
-0.9801179415346661,0.3733616589950363,-0.06467500701335693,-0.000722377146089026,0
-0.960348638952457,0.4170283770477456,-0.06398450989994864,-0.001028876513519905,0
-0.9384180043928773,0.4596505741431103,-0.06322445593151782,-0.001411898797272493,0
-0.9143800081635871,0.5011207413192976,-0.0623988052197455,-0.001880091278143481,0
-0.8882938598069818,0.5413340094550018,-0.06151197461450808,-0.002442165782828742,0
-0.8602238804488107,0.5801883832969669,-0.06056885297178705,-0.003106915238935692,0
-0.8302393654488782,0.6175849668832821,-0.05957481965161693,-0.003883233608525383,0
-0.7984144381160222,0.6534281795478578,-0.05853576687629347,-0.004780139766081493,0
-0.7648278953666182,0.6876259616754198,-0.05745812671174266,-0.005806805978445517,0
-0.7295630463435073,0.7200899693555346,-0.0563489035973509,-0.006972591755978086,0
-0.6927075451764504,0.7507357570576951,-0.05521571354940569,-0.008287083980742738,0
-0.6543532192639433,0.7794829474164494,-0.05406683141081803,-0.0097601443846419,1
0.9775431872171586,-0.2679018648095348,0.09563205419812248,0.2513599407807107,3
0.8291299338640504,0.2024056545656048,0.04012641708219955,-0.3934476802940283,0
0.8342800034738062,0.2032700841854478,0.04188970874467801,-0.3965538352368759,0
0.8393843600849399,0.204275467558541,0.04314834932973899,-0.3990472666452259,0
0.8444578903479842,0.2054197428811707,0.04396946306596905,-0.4008918694979304,0
0.8495156528505093,0.2067024274925212,0.04442100829794171,-0.4020536693658582,0
0.8545730639785645,0.2081245469673501,0.04457197049764938,-0.4025005044007127,0
0.8596461135847335,0.2096885986618226,0.04449261477403521,-0.402201709420863,0
0.8647516172105238,0.2113985468805165,0.04425480063834253,-0.4011277912130587,0
0.869907514611223,0.2132598473929866,0.04393236710042625,-0.3992500836047431,0
0.8751332280451157,0.2152794992177051,0.04360160164105109,-0.3965403699322355,0
0.8804500986099089,0.2174661212166863,0.04334181270885906,-0.3929704592023796,3
0.8858819253582609,-0.2198300497664342,0.04323603262920528,0.3885117005439566,0
0.8804500986099087,-0.2174661212166865,0.04334181270885906,0.3929704592023792,0
0.8751332280451157,-0.2152794992177051,0.04360160164105109,0.3965403699322355,0
0.8699075146112231,-0.2132598473929869,0.04393236710042614,0.3992500836047425,0
0.8647516172105236,-0.2113985468805168,0.04425480063834242,0.4011277912130582,0
0.8596461135847339,-0.2096885986618225,0.04449261477403532,0.4022017094208634,0
0.8545730639785643,-0.20812454696735,0.04457197049764927,0.4025005044007128,0
0.8495156528505093,-0.2067024274925217,0.04442100829794138,0.4020536693658572,0
0.8444578903479842,-0.2054197428811708,0.04396946306596905,0.40089186949793,0
0.8393843600849396,-0.2042754675585409,0.04314834932973888,0.3990472666452259,0
0.834280003473806,-0.2032700841854481,0.04188970874467768,0.3965538352368754,0
0.8291299338640506,-0.2024056545656049,0.04012641708219955,0.3934476802940283,3
0.9775431872171587,0.2679018648095346,0.09563205419812237,-0.2513599407807109,1
-0.6543532192639433,-0.7794829474164494,-0.05406683141081803,0.0097601443846419,0
-0.6927075451764502,-0.7507357570576951,-0.05521571354940558,0.008287083980742849,0
-0.7295630463435073,-0.7200899693555345,-0.05634890359735079,0.006972591755978197,0
-0.764827895366618,-0.6876259616754198,-0.05745812671174233,0.00580680597844585,0
-0.798414438116022,-0.6534281795478581,-0.05853576687629358,0.004780139766081382,0
-0.8302393654488783,-0.6175849668832822,-0.05957481965161726,0.00388323360852505,0
-0.8602238804488106,-0.580188383296967,-0.06056885297178705,0.003106915238935692,0
-0.8882938598069817,-0.5413340094550017,-0.06151197461450786,0.002442165782828853,0
-0.9143800081635871,-0.5011207413192976,-0.0623988052197455,0.001880091278143481,0
-0.9384180043928773,-0.4596505741431107,-0.06322445593151815,0.001411898797272271,0
-0.960348638952457,-0.4170283770477456,-0.06398450989994864,0.001028876513519905,0
-0.9801179415346661,-0.3733616589950365,-0.06467500701335704,0.000722377146089026,0
-0.9976772983589927,-0.3287603269580621,-0.06529243133945439,0.0004838042928432262,0
-1.012983558533176,-0.283336437083629,-0.06583370084523854,0.0003046012217836069,0
-1.025999128989732,-0.2372039396336266,-0.06629615904093233,0.0001762417426881269,0
-1.036692057576182,-0.1904784184879298,-0.06667756825722004,9.022282159493189e-05,0
-1.045036103942959,-0.143276825988583,-0.06697610431958034,3.805863424055644e-05,0
-1.051010797934154,-0.09571721390314958,-0.06719035243068971,1.127578136324303e-05,0
-1.054601485244013,-0.04791846128402892,-0.06731930411327514,1.409409874475465e-06,3
1.31850471795262,-1.665334536937735e-16,0.4514442772703446,-4.437342591868191e-31,1
1.317174224976239,-0.0297207906139058,0.4502432664839577,3.932310567835232e-05,1
1.313187070431456,-0.05920259632632201,0.4466381139170386,0.0003152078028817451,1
1.30655664666406,-0.08820266173221751,0.4406225987152692,0.001067331201781915,1
1.297306764371291,-0.1164704763138276,0.4321869030288787,0.002541590158901874,1
1.285474234187229,-0.1437433831337672,0.4213187624608412,0.004993108845123329,1
1.27111325396446,-0.1697416595618489,0.4080058435043314,0.008688877891126268,1
1.254302567606557,-0.1941631448294293,0.3922404195227589,0.01390936292792083,1
1.235156904592098,-0.2166779753100698,0.3740282329925846,0.0209476513486575,1
1.213844844653362,-0.2369250959181604,0.3534046996174681,0.03010327625707615,1
1.190615575163513,-0.2545145136781705,0.3304632340437419,0.04166545154033896,1
1.165835669097415,-0.2690433810455054,0.3054014111813321,0.05587723589591331,1
1.140030797192001,-0.2801393885404579,0.2785872482194504,0.0728704743828531,1
1.113911711299568,-0.2875460248046071,0.2506322163601959,0.09256910551458913,1
1.088341592775569,-0.2912457927286784,0.2224238553614162,0.1145884705436677,1
1.064202158458572,-0.2915668604057579,0.1950427783834304,0.1382059422761479,1
1.042184167843541,-0.2891752201651976,0.1695368140077806,0.1624807876647267,1
1.02262674597947,-0.2849118884197536,0.1466622292756385,0.1864920818068306,1
1.00551406912037,-0.2795730381083974,0.1267624102683391,0.2095433745844493,1
0.9905987839255627,-0.273769478698755,0.1098267220088447,0.2312248525947114,0
-0.6145958946999638,0.8062553871751436,-0.05291124782811163,-0.01140196565554197,1
-0.5735352207719016,0.8309812882884959,-0.0517587380228276,-0.01322313770180139,1
-0.5312744958362676,0.853593353127961,-0.0506199449109403,-0.01523472591694597,1
-0.4879204973619885,0.8740288826707794,-0.04950647973998795,-0.01744836367123326,1
-0.443583319551355,0.892229866486854,-0.04843104419825284,-0.01987636173403862,1
-0.3983762227527408,0.9081430532737796,-0.04740757895501013,-0.02253183792331948,1
-0.3524154999312936,0.9217200006421009,-0.04645144488412195,-0.02542887101430602,1
-0.3058203668528356,0.9329171028431983,-0.04557964489648403,-0.02858268385314722,2
0.1209606627280033,-0.9217622996773683,-0.04564282824123075,0.07197310345876995,1
0.07451652463829056,-0.933164225827333,-0.04451413030658272,0.06548233091210687,1
0.027491433561184,-0.9420048163756564,-0.04377318251819501,0.05949220425675195,1
-0.01996277392042872,-0.9482864617506286,-0.04336320146480748,0.0539597752217047,2
-0.0677001071764427,0.9520158063846395,-0.04323603262920525,-0.04884778626886466,1
-0.01996277392042883,0.9482864617506288,-0.04336320146480747,-0.05395977522170448,1
0.02749143356118383,0.9420048163756565,-0.04377318251819501,-0.05949220425675161,1
0.07451652463829056,0.9331642258273329,-0.04451413030658274,-0.06548233091210709,1
0.1209606627280033,0.9217622996773684,-0.0456428282412307,-0.07197310345876973,2
-0.3058203668528356,-0.9329171028431984,-0.04557964489648408,0.02858268385314711,1
-0.3524154999312933,-0.9217200006421009,-0.0464514448841219,0.02542887101430624,1
-0.3983762227527408,-0.9081430532737796,-0.04740757895501013,0.02253183792331948,1
-0.4435833195513549,-0.892229866486854,-0.04843104419825278,0.01987636173403862,1
-0.4879204973619882,-0.8740288826707794,-0.04950647973998784,0.01744836367123359,1
-0.5312744958362673,-0.8535933531279611,-0.05061994491094024,0.01523472591694597,1
-0.5735352207719014,-0.8309812882884959,-0.0517587380228276,0.0132231377018015,1
-0.6145958946999635,-0.8062553871751437,-0.05291124782811152,0.01140196565554197,0
0.9905987839255624,0.2737694786987545,0.1098267220088441,-0.2312248525947122,1
1.00551406912037,0.2795730381083975,0.1267624102683391,-0.2095433745844492,1
1.02262674597947,0.2849118884197539,0.1466622292756388,-0.1864920818068303,1
1.042184167843541,0.2891752201651976,0.1695368140077805,-0.1624807876647267,1
1.064202158458573,0.2915668604057577,0.1950427783834305,-0.1382059422761477,1
1.088341592775569,0.2912457927286786,0.2224238553614163,-0.1145884705436676,1
1.113911711299568,0.2875460248046071,0.2506322163601962,-0.09256910551458891,1
1.140030797192001,0.2801393885404579,0.2785872482194505,-0.07287047438285299,1
1.165835669097415,0.2690433810455054,0.3054014111813315,-0.05587723589591365,1
1.190615575163513,0.2545145136781703,0.3304632340437412,-0.04166545154033924,1
1.213844844653362,0.2369250959181604,0.3534046996174681,-0.03010327625707615,1
1.235156904592098,0.2166779753100697,0.374028232992584,-0.02094765134865773,1
1.254302567606557,0.19416314482943,0.392240419522759,-0.01390936292792083,1
1.27111325396446,0.1697416595618489,0.4080058435043314,-0.008688877891126268,1
1.285474234187229,0.1437433831337672,0.4213187624608412,-0.004993108845123329,1
1.297306764371291,0.1164704763138274,0.4321869030288787,-0.002541590158901874,1
1.30655664666406,0.08820266173221679,0.440622598715269,-0.001067331201781943,1
1.313187070431457,0.05920259632632201,0.446638113917039,-0.0003152078028817035,1
1.317174224976239,0.02972079061390577,0.4502432664839577,-3.932310567835579e-05,1
0.6868291392840998,0.2522043077623782,-0.1920409610837653,-0.293662377878454,3
0.678656456388767,-0.2618662032319995,-0.2078899435289076,0.2940458194469262,3
0.7034868640778537,0.2361945217825532,-0.1573349758111924,-0.2953914737914529,2
0.7118063113983989,0.2297079662085749,-0.1393805513716379,-0.297606606175507,2
0.7200233991658027,0.2241266375674352,-0.1215565570418087,-0.3006987222725891,2
0.7280826589092075,0.2193639853515328,-0.1041843573183094,-0.3045980648206155,2
0.7359435408456964,0.2153331691520978,-0.08751619316578174,-0.3092082027815032,2
0.7435796461891365,0.2119506316423612,-0.07173786369036705,-0.3144174488165614,2
0.7509768411920931,0.2091387244594454,-0.05697621110529927,-0.3201079613323212,2
0.7581308861498983,0.2068272788681321,-0.04330885204236279,-0.326162259003424,3
0.619121015391742,-0.4100903188969069,-0.2364645734782503,0.2922138514912371,2
0.6131799860615026,-0.4355430943896296,-0.2236219837647414,0.2849202089999172,2
0.6064346924974582,-0.4635100475201491,-0.2079611870170253,0.2749856984395665,3
0.784451707668521,0.2014640162212237,5.565404438379051e-05,-0.3518674113059628,2
0.7905230148730374,0.20087836339945,0.008170380056189308,-0.3581954626857324,2
0.7964224723907662,0.200530731069882,0.01527990342697361,-0.3643233463307363,2
0.8021667835155657,0.2003980609418329,0.02143953543662724,-0.3701828653361309,2
0.8077725208078876,0.200461328877483,0.02670829647152584,-0.3757117506494796,3
0.5103011482597103,-0.6718677066729893,-0.1026943792704952,0.1795967109932565,2
0.4814850401976708,-0.7068299650588481,-0.09058073294500746,0.1640895721986766,2
0.4494970675060866,-0.7400394510225776,-0.08051285998626972,0.1498093930250064,2
0.4147569056383119,-0.7711844873921948,-0.07223568063832619,0.1367527856268252,2
0.3776446550316793,-0.8000729523081221,-0.06548236793958884,0.124845179706448,2
0.3384910539637764,-0.8265875282537817,-0.06000920666619003,0.1139847337403709,2
0.2975815529390477,-0.8506558085000003,-0.05560690116447708,0.1040655026894688,2
0.2551645537949493,-0.872232098050129,-0.05210080464934497,0.09498807462513004,2
0.2114596668672728,-0.8912868898683528,-0.04934690769361347,0.08666354520768527,2
0.166664626437907,-0.9078009834915736,-0.04722678797637234,0.07901425539276641,1
-0.2587128844860317,0.9416955952015508,-0.04481109648193032,-0.03200986175250764,2
-0.2112179246119636,0.9480215342317175,-0.04416696790050562,-0.03572861363859525,2
-0.1634631929925594,0.9518657529089806,-0.04367109468137792,-0.03975908511445969,2
-0.115579329034219,0.9532037915283086,-0.04335049796601169,-0.04412373462837493,1
-0.06770010717644274,-0.9520158063846395,-0.04323603262920525,0.04884778626886466,2
-0.1155793290342189,-0.9532037915283087,-0.04335049796601169,0.0441237346283746,2
-0.1634631929925593,-0.9518657529089806,-0.04367109468137791,0.03975908511445969,2
-0.2112179246119636,-0.9480215342317175,-0.04416696790050562,0.03572861363859525,2
-0.2587128844860316,-0.9416955952015508,-0.04481109648193032,0.03200986175250764,1
0.1666646264379068,0.9078009834915736,-0.04722678797637234,-0.07901425539276641,2
0.2114596668672726,0.8912868898683528,-0.04934690769361347,-0.08666354520768538,2
0.2551645537949492,0.8722320980501292,-0.05210080464934486,-0.0949880746251297,2
0.2975815529390475,0.8506558085000006,-0.05560690116447703,-0.1040655026894686,2
0.338491053963776,0.826587528253782,-0.06000920666618992,-0.1139847337403707,2
0.377644655031679,0.8000729523081223,-0.06548236793958878,-0.124845179706448,2
0.4147569056383119,0.7711844873921948,-0.07223568063832619,-0.1367527856268252,2
0.4494970675060863,0.7400394510225781,-0.08051285998626945,-0.1498093930250062,2
0.4814850401976708,0.7068299650588483,-0.09058073294500735,-0.1640895721986761,2
0.5103011482597101,0.6718677066729893,-0.1026943792704954,-0.1795967109932568,3
0.8077725208078878,-0.2004613288774832,0.02670829647152584,0.3757117506494796,2
0.8021667835155657,-0.2003980609418329,0.02143953543662724,0.3701828653361308,2
0.7964224723907661,-0.2005307310698819,0.01527990342697361,0.3643233463307363,2
0.7905230148730376,-0.2008783633994503,0.008170380056189308,0.3581954626857324,2
0.7844517076685208,-0.2014640162212238,5.565404438356847e-05,0.3518674113059624,3
0.6064346924974581,0.4635100475201492,-0.2079611870170252,-0.2749856984395666,3
0.7717279893683057,-0.2034657341158375,-0.01938062219684555,0.3389173536176867,3
0.619121015391742,0.4100903188969074,-0.23646457347825,-0.2922138514912369,3
0.7581308861498983,-0.2068272788681321,-0.04330885204236279,0.326162259003424,2
0.7509768411920932,-0.2091387244594456,-0.05697621110529927,0.3201079613323212,2
0.743579646189137,-0.2119506316423616,-0.07173786369036661,0.3144174488165615,2
0.7359435408456964,-0.2153331691520978,-0.08751619316578174,0.3092082027815032,2
0.7280826589092079,-0.219363985351533,-0.1041843573183088,0.3045980648206156,2
0.7200233991658025,-0.2241266375674347,-0.1215565570418089,0.3006987222725892,2
0.7118063113983988,-0.229707966208575,-0.1393805513716381,0.2976066061755069,2
0.7034868640778535,-0.2361945217825534,-0.1573349758111926,0.2953914737914529,3
0.6786564563887671,0.2618662032319997,-0.2078899435289073,-0.2940458194469263,2
-1.055799360157183,0,-0.06736235510281308,0,0
0.6951344402426429,0.2436685325618762,-0.1750340188417754,-0.2940837331427301,2
0.6707004997884807,-0.2727091393593808,-0.2221127856751557,0.2950875417699343,3
0.6630367822441363,-0.2847821304649406,-0.2342659430240512,0.2965773336079657,3
0.6557255304027255,-0.2981345797415372,-0.2439527777298501,0.2982473549352821,3
0.6488058722569324,-0.3128245418513921,-0.2508382461015991,0.2997811977181802,3
0.6422904000866556,-0.3289279466738779,-0.2546559494933109,0.3008239261121605,3
0.6361587209269353,-0.3465478137709939,-0.2552101244929372,0.3009918901814836,3
0.6303478321141112,-0.365822408144412,-0.2523770148739289,0.2998826871297528,3
0.6247365445128328,-0.3869305599977174,-0.2461113376751568,0.2970878592598677,2
0.7650450502012582,0.204954258431967,-0.03077420463397362,-0.3324674042343035,3
0.7717279893683054,0.2034657341158377,-0.01938062219684589,-0.3389173536176864,3
0.7781920064811593,0.2023154266056053,-0.009114086587916903,-0.345414007039591,2
0.5982240978443581,-0.4941063747135835,-0.190119017432793,0.2624052210303093,3
0.5877383941639078,-0.5272175375540538,-0.1710194157659886,0.24749022575059,3
0.5741534436303197,-0.562392050211982,-0.1517869149341108,0.2308975438206698,3
0.5568405803711478,-0.5988488024520551,-0.1335182227326657,0.2135088836498501,3
0.535527415919786,-0.6356394098132642,-0.1170216221498133,0.1961922605986269,2
0.8132559641600067,0.2007049877236916,0.03114768255156186,-0.3808530015969631,3
0.8186330315043461,0.2011164963411535,0.03482084234698091,-0.3855542804087463,3
0.823919276340355,0.2016859286569688,0.03779205361625881,-0.3897673681501755,0
0.9660120176331755,-0.262202455461906,0.08386800157895424,0.2699180323690044,3
0.9557134736944184,-0.2567904850052868,0.07421260410585118,0.2869433814473737,3
0.9464087196769085,-0.2517168219755384,0.06636733707643894,0.3025108965760889,3
0.9379075126279591,-0.2469938008680243,0.06006848229676076,0.3167027285425001,3
0.9300596524709184,-0.2426133827161718,0.05508737530641328,0.3295974326640478,3
0.9227464054490927,-0.2385576577410982,0.05122638208008612,0.3412658302073334,3
0.9158732631938313,-0.2348047180134473,0.04831381809882107,0.351770137881244,3
0.9093642409111409,-0.231331842404699,0.04619912408481841,0.3611645495067966,3
0.9031575217260863,-0.2281171557973711,0.044748731106662,0.3694963663312312,3
0.8972021677498961,-0.2251404357510293,0.04384267555852206,0.3768072507899433,3
0.8914556407083754,-0.2223834509943662,0.04337188672196013,0.3831344186090498,0
0.8858819253582609,0.2198300497664342,0.04323603262920517,-0.3885117005439564,3
0.8914556407083754,0.2223834509943663,0.04337188672196013,-0.3831344186090496,3
0.8972021677498961,0.2251404357510292,0.04384267555852206,-0.3768072507899436,3
0.9031575217260862,0.2281171557973715,0.04474873110666211,-0.3694963663312306,3
0.9093642409111409,0.2313318424046991,0.04619912408481841,-0.3611645495067964,3
0.9158732631938312,0.2348047180134473,0.04831381809882107,-0.351770137881244,3
0.9227464054490929,0.2385576577410981,0.05122638208008612,-0.3412658302073333,3
0.9300596524709185,0.242613382716172,0.05508737530641328,-0.3295974326640477,3
0.9379075126279593,0.2469938008680242,0.06006848229676076,-0.3167027285425003,3
0.9464087196769088,0.2517168219755383,0.06636733707643883,-0.3025108965760889,3
0.9557134736944186,0.2567904850052868,0.07421260410585129,-0.2869433814473735,3
0.9660120176331752,0.2622024554619061,0.08386800157895413,-0.2699180323690044,0
0.8239192763403548,-0.2016859286569689,0.03779205361625859,0.389767368150175,3
0.8186330315043461,-0.2011164963411533,0.03482084234698113,0.3855542804087466,3
0.8132559641600068,-0.2007049877236915,0.03114768255156208,0.3808530015969633,2
0.535527415919786,0.6356394098132641,-0.1170216221498134,-0.196192260598627,3
0.5568405803711478,0.5988488024520552,-0.1335182227326656,-0.2135088836498499,3
0.5741534436303196,0.5623920502119824,-0.1517869149341106,-0.2308975438206697,3
0.5877383941639076,0.5272175375540538,-0.1710194157659886,-0.2474902257505901,3
0.5982240978443581,0.4941063747135838,-0.1901190174327927,-0.2624052210303092,2
0.7781920064811592,-0.2023154266056054,-0.009114086587917014,0.3454140070395908,2
0.6131799860615027,0.4355430943896297,-0.2236219837647415,-0.284920208999917,2
0.7650450502012581,-0.2049542584319671,-0.03077420463397373,0.3324674042343033,2
0.6247365445128328,0.3869305599977174,-0.2461113376751568,-0.2970878592598677,3
0.6303478321141113,0.3658224081444122,-0.2523770148739285,-0.2998826871297529,3
0.6361587209269349,0.3465478137709939,-0.2552101244929378,-0.3009918901814839,3
0.6422904000866556,0.3289279466738779,-0.2546559494933109,-0.3008239261121605,3
0.6488058722569323,0.3128245418513922,-0.2508382461015993,-0.2997811977181803,3
0.6557255304027256,0.298134579741537,-0.2439527777298502,-0.2982473549352821,3
0.6630367822441363,0.2847821304649408,-0.2342659430240508,-0.2965773336079657,3
0.6707004997884805,0.2727091393593811,-0.2221127856751562,-0.2950875417699344,2
0.6951344402426429,-0.2436685325618763,-0.1750340188417755,0.2940837331427301,0
