0.3,0.2,480,0,203,0,3,0,0
0.2980785280403231,0.2195090322016128,288,0.03125,368,0,3,0,0
0.2923879532511287,0.238268343236509,256,0.0625,213,0,3,0,0
0.2831469612302545,0.2555570233019602,128,0.09375,500,0,3,0,0
0.2707106781186548,0.2707106781186548,224,0.125,281,0,3,0,0
0.2555570233019602,0.2831469612302545,194,0.15625,225,0,3,2,0
0.238268343236509,0.2923879532511287,416,0.1875,245,0,3,2,0
0.2195090322016128,0.2980785280403231,481,0.21875,241,0,3,2,0
0.2,0.3,449,0.25,303,0,3,2,0
0.1804909677983872,0.2980785280403231,226,0.28125,392,0,3,2,0
0.161731656763491,0.2923879532511287,129,0.3125,96,0,3,2,0
0.1444429766980398,0.2831469612302546,417,0.34375,509,0,3,2,0
0.1292893218813453,0.2707106781186548,229,0.375,488,0,3,2,0
0.1168530387697455,0.2555570233019602,385,0.40625,444,0,3,4,0
0.1076120467488713,0.238268343236509,32,0.4375,97,0,3,2,0
0.101921471959677,0.2195090322016129,353,0.46875,41,0,5,1,0
0.1,0.2,482,0.5,453,0,5,1,0
0.101921471959677,0.1804909677983872,418,0.53125,99,0,5,1,0
0.1076120467488713,0.161731656763491,386,0.5625,138,0,5,1,0
0.1168530387697455,0.1444429766980398,291,0.59375,270,0,5,1,0
0.1292893218813452,0.1292893218813453,323,0.625,265,0,5,1,0
0.1444429766980398,0.1168530387697455,292,0.65625,332,0,5,1,0
0.161731656763491,0.1076120467488714,140,0.6875,343,0,5,1,0
0.1804909677983871,0.101921471959677,142,0.71875,103,0,5,1,0
0.2,0.1,450,0.75,144,0,5,1,0
0.2195090322016128,0.101921471959677,42,0.78125,106,0,5,1,0
0.238268343236509,0.1076120467488713,324,0.8125,63,0,3,0,0
0.2555570233019602,0.1168530387697455,165,0.84375,407,0,3,0,0
0.2707106781186547,0.1292893218813452,325,0.875,145,0,3,0,0
0.2831469612302545,0.1444429766980398,201,0.90625,471,0,3,0,0
0.2923879532511287,0.161731656763491,293,0.9375,248,0,3,0,0
0.298078528040323,0.1804909677983871,202,0.96875,146,0,3,0,0
0.1072538988589837,0.2373919874189694,64,0.4390067494630387,14,0,3,2,0
0.1065599604907191,0.2356224510176381,483,0.4420319154070348,422,0,5,1,0
0.1058997802290196,0.2338400449032385,419,0.4450570813510309,206,0,5,1,0
0.1052735965844397,0.2320454130251512,484,0.4480822472950269,261,0,5,1,0
0.1046816357852035,0.2302392037496922,294,0.451107413239023,326,0,5,1,0
0.1041241116954729,0.2284220696258707,232,0.4541325791830191,494,0,5,1,0
0.1036012257380827,0.2265946671496355,451,0.4571577451270151,232,0,5,1,0
0.10311316682177,0.2247576565266955,40,0.4601829110710112,387,0,5,1,0
0.1026601112729256,0.2229117014340002,41,0.4632080770150073,39,0,5,1,0
0.10224222277189,0.2210574687799654,15,0.4662332429590034,40,0,5,1,0
0.2196483940666993,0.1019492957159425,43,0.7814761786854643,25,0,5,1,0
0.2205365786283153,0.1021314711552124,44,0.7829192018406125,42,0,5,1,0
0.2214230749605521,0.1023216919718888,45,0.7843622249957608,43,0,5,1,0
0.2223078101881182,0.1025199425286849,46,0.7858052481509091,44,0,5,1,0
0.2231907115804953,0.1027262065282212,47,0.7872482713060575,45,0,5,1,0
0.2240717065579178,0.1029404670143654,48,0.7886912944612058,46,0,5,1,0
0.2249507226973383,0.1031627063736262,485,0.7901343176163541,47,0,5,1,0
0.2258276877383819,0.1033929063366016,50,0.7915773407715024,485,0,5,1,0
0.226702529589286,0.1036310479794799,452,0.7930203639266508,49,0,5,1,0
0.2275751763328275,0.1038771117255964,420,0.7944633870817991,452,0,5,1,0
0.2284455562322334,0.104131077347042,356,0.7959064102369473,420,0,5,1,0
0.2293135977370797,0.1043929239663262,388,0.7973494333920956,356,0,5,1,0
0.2301792294891717,0.1046626300580936,486,0.798792456547244,327,0,5,1,0
0.2310423803284111,0.1049401734508932,389,0.8002354797023923,357,0,5,1,0
0.2319029792986453,0.1052255313290008,262,0.8016785028575406,108,0,5,1,0
0.2327609556535008,0.1055186802342952,65,0.8031215260126889,468,0,5,1,0
0.2336162388621983,0.1058195960681861,59,0.8045645491678373,95,0,3,1,0
0.2344687586153519,0.1061282540935953,60,0.8060075723229856,58,0,3,0,0
0.2353184448307474,0.1064446289369902,61,0.8074505954781339,59,0,3,0,0
0.2361652276591049,0.1067686945904697,62,0.8088936186332821,60,0,3,0,0
0.2370090374898202,0.1071004244139023,63,0.8103366417884305,61,0,3,0,0
0.237849804956687,0.1074397911371158,26,0.8117796649435788,62,0,3,0,0
0.1071301100218042,0.2370834671442384,109,0.4395358254467693,32,0,3,2,0
0.2327734856682721,0.1055230258891005,66,0.8031426334617883,57,0,5,1,0
0.2328011587664491,0.1055326300589553,67,0.8031892536488718,65,0,5,1,0
0.232828829050154,0.1055422423344924,68,0.8032358738359554,66,0,5,1,0
0.2328564965170126,0.1055518627148871,69,0.803282494023039,67,0,5,1,0
0.2328841611646509,0.1055614911993139,70,0.8033291142101225,68,0,5,1,0
0.2329118229906952,0.1055711277869467,71,0.8033757343972061,69,0,5,1,0
0.2329394819927721,0.1055807724769587,72,0.8034223545842897,70,0,5,1,0
0.2329671381685081,0.1055904252685222,73,0.8034689747713732,71,0,5,1,0
0.2329947915155304,0.105600086160809,74,0.8035155949584568,72,0,5,1,0
0.2330224420314661,0.1056097551529902,75,0.8035622151455404,73,0,5,1,0
0.2330500897139427,0.1056194322442361,76,0.8036088353326239,74,0,5,1,0
0.2330777345605881,0.1056291174337164,77,0.8036554555197075,75,0,5,1,0
0.2331053765690299,0.1056388107206001,78,0.8037020757067911,76,0,5,1,0
0.2331330157368966,0.1056485121040555,79,0.8037486958938747,77,0,5,1,0
0.2331606520618165,0.1056582215832501,80,0.8037953160809582,78,0,5,1,0
0.2331882855414185,0.1056679391573508,81,0.8038419362680419,79,0,5,1,0
0.2332159161733313,0.1056776648255238,82,0.8038885564551255,80,0,5,1,0
0.2332435439551842,0.1056873985869346,83,0.803935176642209,81,0,5,1,0
0.2332711688846065,0.1056971404407481,84,0.8039817968292926,82,0,5,1,0
0.233298790959228,0.1057068903861282,85,0.8040284170163762,83,0,5,1,0
0.2333264101766785,0.1057166484222385,86,0.8040750372034597,84,0,5,1,0
0.2333540265345884,0.1057264145482417,87,0.8041216573905433,85,0,5,1,0
0.2333816400305878,0.1057361887632997,204,0.8041682775776269,86,0,5,1,0
0.2334092506623075,0.105745971066574,147,0.8042148977647104,432,0,5,1,0
0.2334368584273783,0.1057557614572251,90,0.804261517951794,127,0,3,1,0
0.2334644633234315,0.105765559934413,91,0.8043081381388776,89,0,3,1,0
0.2334920653480985,0.105775366497297,92,0.8043547583259611,90,0,3,1,0
0.2335196644990108,0.1057851811450356,93,0.8044013785130447,91,0,3,1,0
0.2335472607738003,0.1057950038767867,94,0.8044479987001283,92,0,3,1,0
0.2335748541700991,0.1058048346917074,95,0.8044946188872119,93,0,3,1,0
0.2336024446855397,0.1058146735889542,58,0.8045412390742954,94,0,3,1,0
0.1643922922014138,0.2934456587826877,10,0.3079429734559894,197,0,3,2,0
0.1082262182438775,0.2397186729659942,14,0.4349932645619314,317,0,3,2,0
0.1000713288871244,0.2037763328262671,453,0.4939883502237856,508,0,5,1,0
0.1018242285206944,0.1809863760833668,17,0.5304464862923086,413,0,5,1,0
0.1107358051889213,0.154923359433851,328,0.5744246288339594,474,0,5,1,0
0.1335557550927887,0.1252660564488229,390,0.6343345394044968,439,0,5,1,0
0.1548969713503599,0.1107491355412748,235,0.6755283186214214,479,0,5,1,0
0.1800985183407543,0.1020003518997813,23,0.718112905256253,348,0,5,1,0
0.2022757389880286,0.1000258982933162,205,0.7536222637982174,450,0,5,1,0
0.2105912933289037,0.1005624592740693,154,0.7668882419200344,507,0,5,1,0
0.2188333056035345,0.10178947816021,25,0.7801542200418512,276,0,5,1,0
0.1064174519005741,0.2352463713198767,358,0.4426719970461951,260,0,5,1,0
0.2316279300530084,0.1051333881675855,56,0.8012168368912235,295,0,5,1,0
0.1070974590725321,0.2370015930632744,110,0.4396761117507094,64,0,3,2,0
0.1070640867134229,0.2369176925279713,111,0.4398198191881263,109,0,3,2,0
0.1070307901250956,0.2368337618936211,112,0.4399635266255432,110,0,3,2,0
0.1069975693346968,0.2367498012286526,113,0.4401072340629602,111,0,3,2,0
0.1069644243693116,0.236665810601519,114,0.4402509415003771,112,0,3,2,0
0.1069313552559631,0.2365817900806981,115,0.4403946489377941,113,0,3,2,0
0.1068983620216127,0.2364977397346919,116,0.440538356375211,114,0,3,2,0
0.1068654446931597,0.2364136596320268,117,0.4406820638126279,115,0,3,2,0
0.1068326032974416,0.2363295498412533,118,0.4408257712500449,116,0,3,2,0
0.1067998378612341,0.2362454104309463,119,0.4409694786874618,117,0,3,2,0
0.106767148411251,0.2361612414697049,120,0.4411131861248788,118,0,3,2,0
0.1067345349741439,0.2360770430261519,121,0.4412568935622957,119,0,3,2,0
0.1067019975765027,0.2359928151689347,122,0.4414006009997126,120,0,3,2,0
0.1066695362448552,0.2359085579667242,123,0.4415443084371296,121,0,3,2,0
0.106637151005667,0.2358242714882155,124,0.4416880158745465,122,0,3,2,0
0.106604841885342,0.2357399558021275,155,0.4418317233119635,123,0,3,1,0
0.1065726089102218,0.2356556109772029,422,0.4419754307493804,191,0,5,1,0
0.23341704963134,0.1057487358496632,127,0.8042280670975344,153,0,3,1,0
0.2334302556594407,0.1057534191254429,89,0.8042503676670408,126,0,3,1,0
0.2817016471868402,0.2576614329249378,236,0.09781323116901763,3,0,3,0,0
0.1614267013158303,0.2922610461062621,170,0.3130257014439179,10,0,3,2,0
0.124731812369767,0.2658384380955384,263,0.385620076132153,398,0,3,2,0
0.1133095463701158,0.2498474196869296,171,0.4169469307928347,290,0,3,4,0
0.1014290967538809,0.2168456829260266,329,0.4730608112206114,470,0,5,1,0
0.1002459583266101,0.2070093630112575,454,0.4888350971170689,372,0,5,1,0
0.1001622544139615,0.1943057435693983,487,0.509067595303527,258,0,5,1,0
0.1010007109407808,0.1858882755919359,297,0.5225347263766342,489,0,5,1,0
0.1026214027004685,0.1772533785371172,264,0.5365220637882586,418,0,5,1,0
0.1047598177700842,0.1695154516383721,359,0.5493024113204423,238,0,5,1,0
0.1075120399252548,0.1619739925680813,18,0.5620827588526259,504,0,5,1,0
0.1249122447568825,0.1339558555771242,455,0.6148154125857331,199,0,5,1,0
0.1636061462923581,0.1068577034194091,298,0.6907159081762678,22,0,5,1,0
0.1722892452906282,0.1039161091887041,239,0.7053120842587304,426,0,5,1,0
0.1815353271706779,0.1017195041867101,299,0.720442953916223,23,0,5,1,0
0.1900929996106255,0.1004919533741872,423,0.7342066119624608,339,0,5,1,0
0.1987247176041312,0.1000081320565978,24,0.7479702700086985,495,0,5,1,0
0.2679152630249858,0.1266002925874564,28,0.8688262833808804,491,0,3,0,0
0.2972208705369778,0.1765884145767058,31,0.9623902468101233,361,0,3,0,0
0.2334099376686729,0.1057462145854322,173,0.8042160578275903,88,0,5,1,0
0.2334111081242138,0.1057466294824843,149,0.8042180342383434,180,0,3,1,0
0.2334122785746025,0.1057470443940713,150,0.8042200106490965,148,0,3,1,0
0.2334134490198386,0.1057474593201931,151,0.8042219870598497,149,0,3,1,0
0.233414619459922,0.1057478742608497,152,0.8042239634706028,150,0,3,1,0
0.2334157898948525,0.1057482892160409,153,0.8042259398813559,151,0,3,1,0
0.2334169603246299,0.1057487041857667,126,0.8042279162921091,152,0,3,1,0
0.2109474957982427,0.1006010445942843,360,0.7674584724782522,105,0,5,1,0
0.1066009392572686,0.2357297558398538,156,0.4418491047322615,124,0,3,1,0
0.1065946381004134,0.235713280000684,157,0.4418771791343721,155,0,3,1,0
0.1065883398499394,0.2356968030502675,158,0.4419052535364828,156,0,3,1,0
0.1065820445060426,0.2356803249891169,159,0.4419333279385935,157,0,3,1,0
0.1065757520689189,0.235663845817745,181,0.4419614023407042,158,0,3,1,0
0.2964489983992135,0.2264119425220584,424,0.04254065409637871,463,0,3,0,0
0.2312411831969054,0.2949946760216455,300,0.1994315584655689,352,0,3,0,0
0.1840303348533934,0.2987166135719073,392,0.2755258034239537,476,0,3,0,0
0.1326659132774202,0.2739332182799863,488,0.3675706699306392,279,0,3,0,0
0.1479888042830289,0.1145901907267618,267,0.6629451064936895,259,0,5,1,0
0.2566083971303871,0.1175652417100142,269,0.8457711058756724,27,0,3,0,0
0.2769109834280595,0.1360883373074307,242,0.8896500553037133,490,0,3,0,0
0.2951611853114657,0.1692697411316326,456,0.9502868141088318,464,0,3,0,0
0.1127330899966444,0.151168796671941,301,0.5811936018800012,497,0,5,1,0
0.1406736740384028,0.1194991487753184,332,0.6489196594569547,338,0,5,1,0
0.1611035660388068,0.2921252811398833,215,0.3135835359075066,129,0,3,0,0
0.1125260172217742,0.248459285352909,243,0.4194838868731532,131,0,3,0,0
0.1058777060853289,0.1662214004399195,393,0.5548390062151728,330,0,5,1,0
0.2334099868260521,0.1057462320101577,174,0.8042161408337059,147,0,5,1,0
0.2334101403997149,0.1057462864473164,175,0.8042164001550587,173,0,5,1,0
0.233410293973289,0.1057463408847253,176,0.8042166594764115,174,0,5,1,0
0.2334104475467744,0.1057463953223844,177,0.8042169187977644,175,0,5,1,0
0.233410601120171,0.1057464497602938,178,0.8042171781191171,176,0,5,1,0
0.2334107546934791,0.1057465041984534,217,0.8042174374404699,177,0,5,1,0
0.2334109082666984,0.1057465586368632,180,0.8042176967618228,336,0,3,1,0
0.233411061839829,0.1057466130755233,148,0.8042179560831756,179,0,3,1,0
0.1065757170681083,0.2356637541302349,182,0.4419615585369599,159,0,3,1,0
0.1065754210224919,0.2356629786035232,183,0.4419628797000476,181,0,3,1,0
0.1065751249833133,0.235662203074354,184,0.4419642008631353,182,0,3,1,0
0.1065748289505724,0.2356614275427275,185,0.4419655220262229,183,0,3,1,0
0.1065745329242693,0.2356606520086435,186,0.4419668431893106,184,0,3,1,0
0.1065742369044041,0.2356598764721022,187,0.4419681643523982,185,0,3,1,0
0.1065739408909766,0.2356591009331036,218,0.4419694855154859,186,0,3,1,0
0.106573644883987,0.2356583253916479,189,0.4419708066785736,223,0,5,1,0
0.1065733488834353,0.2356575498477349,190,0.4419721278416612,188,0,5,1,0
0.1065730528893215,0.2356567743013649,191,0.4419734490047489,189,0,5,1,0
0.1065727569016455,0.2356559987525378,125,0.4419747701678365,190,0,5,1,0
0.2995742982552022,0.2092173275402392,244,0.01469068449016436,320,0,3,0,0
0.2880446436422218,0.2474145623823965,302,0.07862148957903918,256,0,3,0,0
0.2536912993987278,0.2843637621782966,271,0.1597951689028655,5,0,3,0,0
0.2106129052425607,0.2994352364220674,362,0.2330771666901941,321,0,3,0,0
0.1897933518485592,0.2994777579839468,425,0.2662727225967486,257,0,3,0,0
0.1654822783427818,0.2938537526772095,96,0.3060905947149775,227,0,3,0,0
0.1093012264157152,0.1578842966305127,394,0.569187937313419,354,0,5,1,0
0.1229199362996626,0.1362923569738141,139,0.6099282225247749,308,0,5,1,0
0.2458288105822706,0.1111196302853416,273,0.8257686032073271,378,0,3,0,0
0.2834117821036355,0.1448413687053819,246,0.9070113642498581,29,0,3,0,0
0.2982935201461935,0.1816047860227217,457,0.9705554277763131,31,0,3,0,0
0.2999971066385534,0.1992393003761068,0,0.9987892972698014,312,0,3,0,0
0.2333964540816638,0.1057414361727735,250,0.804193290305695,87,0,5,1,0
0.2025949578056353,0.1000336746999922,304,0.7541304672700475,104,0,5,1,0
0.10610261283945,0.2343988471379752,34,0.4441109429676531,296,0,5,1,0
0.1203909893274084,0.2605178107645278,334,0.3965509459574932,370,0,3,0,0
0.1007914208856204,0.2125561869254117,252,0.479963321750823,409,0,5,1,0
0.1006716481769996,0.1884294112454787,489,0.5184565034022659,399,0,5,1,0
0.1697780257754327,0.1046761715310931,426,0.7011361808905558,266,0,5,1,0
0.1935625941364263,0.1002074160784098,305,0.7397474609090686,423,0,5,1,0
0.2144177210738588,0.1010448115608059,275,0.773026767211037,331,0,5,1,0
0.2944013908947409,0.2329905652746105,2,0.05350846972027136,424,0,3,0,0
0.2623985253742994,0.1218563884177797,253,0.8572437402084183,402,0,3,0,0
0.159555659536503,0.2914563028143645,395,0.3162673686546066,170,0,3,0,0
0.1492999332235396,0.2861945661214352,458,0.3346229206491374,277,0,3,0,0
0.2334107801381138,0.1057465132180108,427,0.8042174804058746,178,0,5,1,0
0.10657392012195,0.2356590465186638,254,0.4419695782126006,187,0,3,1,0
0.10657387007827,0.2356589154048189,220,0.4419698015700503,255,0,5,1,0
0.106573820034774,0.2356587842909038,221,0.4419700249274999,219,0,5,1,0
0.106573769991462,0.2356586531769184,222,0.4419702482849495,220,0,5,1,0
0.106573719948334,0.2356585220628628,223,0.4419704716423992,221,0,5,1,0
0.10657366990539,0.2356583909487371,188,0.4419706949998488,222,0,5,1,0
0.2686392414274293,0.2727231361828344,429,0.1295966353664388,4,0,3,0,0
0.2582543281961951,0.2812799682972994,5,0.151028824769278,278,0,3,0,0
0.1769610224079759,0.2973098428295628,307,0.2870000571204818,9,0,3,0,0
0.1679081602134075,0.2947106848202022,197,0.3019957632835353,502,0,3,0,0
0.1392733335593975,0.2794498079482374,459,0.3538670175911415,505,0,3,0,0
0.1277624725830328,0.2691501238804597,398,0.3784748257791297,12,0,3,0,0
0.1199278135925529,0.1400963693593532,366,0.6022247480826169,404,0,5,1,0
0.2737778120219828,0.1324956708555002,490,0.882062466323031,325,0,3,0,0
0.1038638268642223,0.227528825162142,38,0.4556133533093759,37,0,5,1,0
0.232492221521616,0.105425925642435,337,0.8026690624703612,401,0,5,1,0
0.1362152284161412,0.122983749026618,460,0.6399124564660487,390,0,5,1,0
0.1559062258465421,0.1102462308261996,280,0.6773229776380918,102,0,5,1,0
0.2789232367658732,0.2614094674980815,309,0.1052393532728085,128,0,3,0,0
0.1003670295670952,0.1914401400294209,399,0.5136401321243932,487,0,5,1,0
0.1042423056882445,0.1711822280511421,137,0.5465246948743655,376,0,5,1,0
0.1744535401187308,0.1033181589566339,310,0.7088857873644054,141,0,5,1,0
0.1853855765240499,0.1010736707116574,367,0.7266568197185661,405,0,5,1,0
0.2210203283365786,0.297765770066125,7,0.2162937071349489,374,0,3,0,0
0.2771615011440496,0.136391016819974,282,0.8902753827754617,166,0,3,0,0
0.112132516662447,0.2477420712990634,311,0.4207858895065957,171,0,3,0,0
0.299334513999197,0.2115175660859117,368,0.01837154721712438,192,0,3,0,0
0.2398943756385397,0.2916975397293248,6,0.184688432830465,272,0,3,0,0
0.2843386652806763,0.1462692868214646,284,0.9097208024830969,201,0,3,0,0
0.2885496792972939,0.1535354511875301,461,0.9230908859330542,447,0,3,0,0
0.2921361543416635,0.1611293290110762,30,0.9364609693830115,369,0,3,0,0
0.299507840623166,0.1900909306938246,340,0.9842033028966345,274,0,3,0,0
0.2333993101091149,0.1057424481315414,432,0.804198112714482,204,0,5,1,0
0.2067376174260381,0.1002272356230402,341,0.7607313809189822,465,0,5,1,0
0.1007557259601501,0.2122708626552157,285,0.4804209693580449,208,0,5,1,0
0.2649059994053285,0.1239262775907771,491,0.8624187969213745,214,0,3,0,0
0.1065739121639418,0.235659025668814,286,0.4419696137311251,218,0,3,1,0
0.1065738841068128,0.2356589521594894,219,0.4419697389570753,287,0,5,1,0
0.2904720256902277,0.2426006169850482,193,0.07003990920848212,2,0,3,0,0
0.1906338265118436,0.2995604077642803,196,0.2649286095051652,344,0,3,0,0
0.1000901101830223,0.1957557195239516,134,0.5067570118835241,322,0,5,1,0
0.147794658701381,0.1147087206105178,164,0.6625830793277518,292,0,5,1,0
0.1064999165049311,0.2354645511238354,107,0.4423007773531179,483,0,5,1,0
0.1054174756144279,0.2324676158787901,35,0.4473723435359599,355,0,5,1,0
0.2320879155437,0.1052879855770115,401,0.8019891689032773,56,0,5,1,0
0.1234791182920601,0.2643782157460074,462,0.3886821469002766,130,0,3,0,0
0.1029108154288079,0.176048168351857,313,0.5384947576799282,136,0,5,1,0
0.1275751362886591,0.1310461087653954,20,0.6210933912787469,391,0,5,1,0
0.1696266282373432,0.1047243037927959,210,0.7008833401604215,411,0,5,1,0
0.1482060062149698,0.1144583013507667,342,0.6633495339589549,164,0,5,1,0
0.151659691695821,0.1124602113718743,433,0.6697002787873512,442,0,5,1,0
0.2588469223170935,0.1191480381573461,402,0.850134596446088,165,0,3,0,0
0.115541954047774,0.1464571342387085,19,0.5899249627401587,301,0,5,1,0
0.2530443130317855,0.2847720523226019,314,0.1610127770892582,194,0,3,0,0
0.2415827379622505,0.2909443560841618,245,0.1817460240843376,349,0,3,0,0
0.2476070532253061,0.1120592899550904,315,0.8289696532902778,200,0,3,0,0
0.2994869076062877,0.1898829245857328,249,0.983870578656085,363,0,3,0,0
0.2148421452006264,0.1011075800384907,492,0.7737096068437251,212,0,5,1,0
0.218495478388827,0.1017252968502655,106,0.7796069339224669,377,0,5,1,0
0.1516684565429726,0.2875446280879728,216,0.3302837863993214,306,0,3,0,0
0.2630420530873112,0.2776253795001135,225,0.1414412351111834,506,0,3,0,0
0.1341547680013477,0.2752622443396665,163,0.3643942901756903,430,0,3,0,0
0.1579655825714997,0.1092635257933912,434,0.6809546706814873,235,0,5,1,0
0.2709696593945131,0.2704507448181125,4,0.1244160146147877,414,0,3,0,0
0.280045995842554,0.1400613768128277,371,0.8977056878418486,242,0,3,0,0
0.1103322948126319,0.2442685288487345,317,0.4270129471371632,311,0,3,0,0
0.2847722229516036,0.146955959657624,403,0.9110132890483601,246,0,3,0,0
0.1005971624735238,0.2109121900498929,493,0.482598057035164,252,0,5,1,0
0.1065739039595374,0.2356590041733958,318,0.4419696503493973,254,0,3,1,0
0.1065738907243845,0.2356589694974595,255,0.4419697094211826,319,0,5,1,0
0.2978276525471256,0.2207304220197969,463,0.03323449796576578,1,0,3,0,0
0.1959519857615598,0.2999180343117567,435,0.2564443755793718,449,0,3,0,0
0.1146204337352551,0.2520608265824126,131,0.4128526066257357,446,0,3,0,0
0.1172628233206153,0.1438345337852139,404,0.5949175168479687,19,0,5,1,0
0.1454020200117516,0.1162201660230648,259,0.6580787633741738,21,0,5,1,0
0.2931412740615018,0.1636035294815525,464,0.9407114367312187,30,0,3,0,0
0.104509503293784,0.2296911609540644,494,0.4520216630246692,36,0,5,1,0
0.2316228497631318,0.1051316945821293,108,0.8012083139134004,389,0,5,1,0
0.1061884308448617,0.2346322031157519,206,0.4437152267593369,443,0,5,1,0
0.1011479384975343,0.1848913952757795,373,0.5241385272801636,135,0,5,1,0
0.1652138199840867,0.1062454178191782,345,0.6934539197046993,140,0,5,1,0
0.1818408687802544,0.1016625912821369,436,0.7209376028492028,142,0,5,1,0
0.2290860361937756,0.2956765514561137,374,0.2030292454092611,161,0,3,0,0
0.113942076294151,0.1490683421883965,270,0.5850508835290537,168,0,5,1,0
0.287447593922592,0.2485068893782054,346,0.08060273955559098,193,0,3,0,0
0.2036384507562697,0.2999337864593061,8,0.244207947338611,333,0,3,0,0
0.2040740971521359,0.1000830258044462,465,0.7564859220996971,205,0,5,1,0
0.1955430562882133,0.100099371109337,495,0.7429042032254668,211,0,5,1,0
0.1527297314530866,0.2881221976093578,277,0.3283607700034817,335,0,3,0,0
0.1750351324627377,0.2968336480199262,375,0.2901575655147741,226,0,3,0,0
0.1227862330952483,0.1364544714367827,199,0.6095937787102351,366,0,5,1,0
0.278425094605068,0.2620443755403029,347,0.1065237419160322,236,0,3,0,0
0.1760418775878258,0.1029123675719545,348,0.7114949300056926,239,0,5,1,0
0.1106613519206647,0.2449288989332777,283,0.4258386794698515,243,0,3,0,0
0.2999949824732845,0.1989982614275587,203,0.9984056568794816,380,0,3,0,0
0.1031566321299481,0.1750728641920939,437,0.5400955530851125,264,0,5,1,0
0.2512734365148225,0.2858547302596687,466,0.1643162869829544,271,0,3,0,0
0.2499037353733392,0.1133419525041803,438,0.8331564784606884,273,0,3,0,0
0.2164521211391799,0.1013626454631829,496,0.7763039494507897,492,0,5,1,0
0.1087704102195698,0.2409531677467619,97,0.4328460585865327,283,0,3,0,0
0.1065739005008312,0.2356589951116322,350,0.4419696657864594,286,0,3,1,0
0.1065738939831993,0.2356589780355173,287,0.4419696948762749,351,0,5,1,0
0.2998064796121874,0.2062182495464584,192,0.009903040485631695,448,0,3,0,0
0.2127246365435857,0.2991871142076109,195,0.2296930579915337,481,0,3,0,0
0.1000484828721748,0.1968864451432379,258,0.5049561774520327,482,0,5,1,0
0.1306400001181757,0.127963964459492,467,0.6280117779579382,20,0,5,1,0
0.2393037413332651,0.1080477519730605,408,0.8142878573542576,26,0,3,0,0
0.2713723092462801,0.1299572025626235,231,0.8764962485079124,28,0,3,0,0
0.1049947024890613,0.2312088680483291,36,0.4494856965318796,484,0,5,1,0
0.2301342536756761,0.1046484045471183,54,0.798717380122241,388,0,5,1,0
0.1110105818876897,0.1543832984091087,497,0.5753890201554466,100,0,5,1,0
0.1012768405254269,0.215929148858555,440,0.4745395164184381,132,0,5,1,0
0.105715060325039,0.1666780830309997,172,0.5540674525113842,359,0,5,1,0
0.2138734624545501,0.1009670406403899,212,0.7721517528997606,360,0,5,1,0
0.1426558154066378,0.1180753730962271,21,0.6528039261569641,169,0,5,1,0
0.2054525121878149,0.2998512399063814,303,0.2413177516630366,362,0,3,0,0
0.1196643459679078,0.259549833679331,379,0.3984773178984728,207,0,3,0,0
0.155310682304864,0.2894587328545582,306,0.3237347984490959,395,0,3,0,0
0.2334108743971133,0.1057465466307981,179,0.8042176395701546,365,0,3,1,0
0.2325543501675799,0.1054472936126808,468,0.8027736281031936,233,0,5,1,0
0.1394317231128272,0.1204293783176306,169,0.646450029370494,431,0,5,1,0
0.1898424356293982,0.1005172181427506,143,0.7338058047956069,475,0,5,1,0
0.2995623691172026,0.1906546987330583,498,0.9851047560115225,249,0,3,0,0
0.2079561854263882,0.1003170068995672,441,0.7626760598820658,251,0,5,1,0
0.1483286247053249,0.1143841780092205,442,0.6635775734332687,267,0,5,1,0
0.161481903912515,0.1077158937097223,22,0.6870695139086149,434,0,5,1,0
0.191682703086029,0.2996535125926069,257,0.263252699019845,435,0,3,0,0
0.1673922940182013,0.1054656807788591,411,0.6971365524993844,298,0,5,1,0
0.2862281441120142,0.2506429379380551,500,0.08451745499811884,302,0,3,0,0
0.2779988504412526,0.2625793842239048,381,0.1076124364191827,309,0,3,0,0
0.1783147019036214,0.1023795725963505,103,0.715210387872536,310,0,5,1,0
0.2442267386509271,0.2896883247045154,272,0.1770871137702838,466,0,3,0,0
0.1065738992492171,0.2356589918324195,382,0.4419696713727239,318,0,3,1,0
0.1065738957385383,0.2356589826344848,319,0.4419696870417579,383,0,5,1,0
0.2324286859795975,0.2945958790097997,161,0.1974378466345367,384,0,3,0,0
0.1017971798863509,0.2188734236885169,470,0.4697807640953767,15,0,5,1,0
0.1090081660858127,0.1585212565169467,198,0.5680720304366891,386,0,5,1,0
0.1055466077446573,0.2328413868686809,261,0.4467429665989169,419,0,5,1,0
0.2290107259951338,0.1043005863276307,53,0.7968454934091446,52,0,5,1,0
0.230997743170538,0.1049256085040069,55,0.8001607511841529,421,0,5,1,0
0.1064096243324318,0.2352255813635981,501,0.4427073528468976,107,0,5,1,0
0.1049392688668515,0.1689603898795225,330,0.5502308416738554,137,0,5,1,0
0.2127827323866699,0.1008203561574716,331,0.7704001656960081,154,0,5,1,0
0.2970081606771621,0.1757220931290626,146,0.9609704958541738,456,0,3,0,0
0.2070723479594118,0.2997495959607908,333,0.2387346040571429,195,0,3,0,0
0.2992219015848682,0.1875495282867383,274,0.9801329035300191,457,0,3,0,0
0.2334107924860223,0.1057465175950726,365,0.8042175012563576,397,0,3,1,0
0.2334108635465216,0.1057465427844914,336,0.8042176212480113,364,0,3,1,0
0.1214218378214378,0.1381495963744814,308,0.606130481623422,230,0,5,1,0
0.1857484077415146,0.1010207490526531,412,0.7272403941382467,240,0,5,1,0
0.2988858447120532,0.2148858898149797,1,0.02378001065180718,244,0,3,0,0
0.2920850709192541,0.1610084661266585,248,0.9362521343510628,400,0,3,0,0
0.1205791530815852,0.2607645379704456,207,0.3960571038135589,462,0,3,0,0
0.2803708279325954,0.1404976469588878,471,0.8985713623696281,282,0,3,0,0
0.1003505015459256,0.2083652530058225,133,0.4866707095741131,493,0,5,1,0
0.10119351140019,0.1845961754562183,413,0.5246139497561365,297,0,5,1,0
0.2256253326938669,0.2966609658772797,241,0.2087559351345339,300,0,3,0,0
0.1731193613423902,0.296319423095028,502,0.293314589569926,307,0,3,0,0
0.1040799702637463,0.1717272587923244,238,0.5456195912349926,406,0,5,1,0
0.2184406386728438,0.1017149917569438,276,0.7795181261847249,496,0,5,1,0
0.2444224130699936,0.11040843110516,200,0.8232603043148077,408,0,3,0,0
0.1187739624896117,0.2583295022296693,444,0.4008815770647186,334,0,3,0,0
0.2999937826459758,0.1988849071117789,312,0.9982252377670938,410,0,3,0,0
0.2765067697055849,0.2643949857459151,472,0.1113527360551322,347,0,3,0,0
0.1065738988005035,0.2356589906567957,503,0.4419696733754441,350,0,3,1,0
0.1065738967591933,0.2356589853085885,351,0.44196968248632,415,0,5,1,0
0.232848622986804,0.2944508759507863,352,0.1967307735026098,416,0,3,0,0
0.1168230632093271,0.2555121354851388,446,0.4063359060885813,13,0,3,0,0
0.1085440611737835,0.1595548364644751,354,0.5662688009915632,18,0,5,1,0
0.1032143302132627,0.2251502310910385,39,0.4595376971565992,451,0,5,1,0
0.2299106758155968,0.1045780346447723,327,0.7983443357113095,53,0,5,1,0
0.2312770039479206,0.1050171119409303,295,0.8006284596691974,55,0,5,1,0
0.135157342549129,0.1238722798534659,234,0.637713674682123,101,0,5,1,0
0.1271867257249077,0.1314563854955096,265,0.620194214287744,455,0,5,1,0
0.18191085079906,0.2983503059536987,9,0.2789491416404664,162,0,3,0,0
0.1064654431314863,0.1646264693391969,504,0.5575443170588867,172,0,5,1,0
0.1093257777286783,0.157831464152867,474,0.5692806583901772,198,0,5,1,0
0.1580514285737507,0.290776193769605,335,0.3188947853951982,215,0,3,0,0
0.2334107844029973,0.1057465147298179,397,0.8042174876074893,428,0,3,1,0
0.2334107913058784,0.1057465171767375,364,0.8042174992635851,396,0,3,1,0
0.127371380894055,0.2687392441532751,130,0.3793776366264769,229,0,3,0,0
0.1003935723612839,0.1911366161623668,209,0.5141250491326286,237,0,5,1,0
0.2913520057429382,0.1593206311904647,369,0.9333233949958597,461,0,3,0,0
0.232288690267226,0.1053562443643156,233,0.8023266740948262,262,0,5,1,0
0.2605711374754053,0.1204315558469594,214,0.8535556923767704,269,0,3,0,0
0.2854048973327423,0.147980739032703,447,0.9129300770564568,284,0,3,0,0
0.1183479637851414,0.1422683364004863,230,0.5979500821795856,291,0,5,1,0
0.1852514955207339,0.1010935714140629,240,0.7264410854649029,436,0,5,1,0
0.1039099592177165,0.1723105785098516,376,0.544652580175729,437,0,5,1,0
0.2554647883579765,0.1167914832940469,27,0.8435735147295573,438,0,3,0,0
0.2424689692925592,0.1094661022200653,378,0.819808398803628,324,0,3,0,0
0.1008593687466606,0.2130818666362787,208,0.4791197153817514,440,0,5,1,0
0.2999777780947941,0.197891947052823,380,0.9966446809892879,469,0,3,0,0
0.1685373967207938,0.105078429243426,266,0.6990604466178072,345,0,5,1,0
0.1864506837852979,0.1009221718540722,475,0.7283690610444902,367,0,5,1,0
0.101572379959235,0.182336375991581,99,0.5282608090249824,373,0,5,1,0
0.271099737603034,0.2703194661013557,281,0.1241218815898097,510,0,3,0,0
0.1065738974442114,0.2356589871033274,383,0.4419696794289134,445,0,5,1,0
0.2360190441864927,0.2932878794693689,384,0.1913558550872464,6,0,3,0,0
0.1423619686004535,0.2817181579355831,505,0.3477676495650785,11,0,3,0,0
0.1024913996964059,0.177817284502705,136,0.5356010369327309,17,0,5,1,0
0.1056055467598245,0.2330104104410762,355,0.4464580713194181,34,0,5,1,0
0.2280840001903591,0.1040245399421919,52,0.7953065139842888,51,0,5,1,0
0.2308505514315276,0.1048777445790384,357,0.7999144136324789,486,0,5,1,0
0.1065698152518853,0.2356482899720752,33,0.4419879020034749,125,0,5,1,0
0.1901853826901866,0.100482799039252,211,0.7343543642993378,143,0,5,1,0
0.2951105328995108,0.2308866723939481,213,0.04997485357766528,160,0,3,0,0
0.1889575602284785,0.29938845266877,476,0.2676105022437335,196,0,3,0,0
0.1712421888690921,0.1042242812662884,141,0.7035749541644637,210,0,5,1,0
0.2334107807198397,0.1057465134242198,477,0.8042174813881677,217,0,5,1,0
0.233410782576524,0.1057465140823734,396,0.8042174845233353,478,0,3,1,0
0.2683810304551625,0.2729659829913238,506,0.1301607888159226,224,0,3,0,0
0.1343936527361997,0.2754705717395969,279,0.3638898259781915,459,0,3,0,0
0.1389873106597687,0.120769628680206,338,0.6455592256961746,460,0,5,1,0
0.2334043736525007,0.1057442425053826,88,0.8042066626461758,250,0,5,1,0
0.1523829687806163,0.1120646923138821,479,0.6710122879988375,268,0,5,1,0
0.1595785875852666,0.1085335612456786,343,0.6837725291978504,280,0,5,1,0
0.1935759182190466,0.2997934425364294,344,0.2602312891703265,289,0,3,0,0
0.1848232698871701,0.1011583748460077,405,0.7257517829052406,299,0,5,1,0
0.1034242134090595,0.1740554929832709,406,0.5417698253571623,313,0,5,1,0
0.2532806344736555,0.1153762799796374,407,0.8394312918589956,315,0,3,0,0
0.1323001661313253,0.1264015455722483,101,0.6316402066777349,467,0,5,1,0
0.101024896779366,0.2142803691291524,409,0.477194121034527,329,0,5,1,0
0.2081797927786957,0.1003351065314491,507,0.7630331060601646,341,0,5,1,0
0.151290320918323,0.1126652007286899,268,0.6690279444207129,342,0,5,1,0
0.1062210008643625,0.2347203012820756,296,0.4435657388853495,501,0,5,1,0
0.1169662257525143,0.2557260471791925,13,0.4059262443467555,379,0,3,0,0
0.1065738982630285,0.2356589892486179,415,0.4419696757743289,473,0,5,1,0
0.1146877566325978,0.2521710756226201,290,0.4126470117900147,385,0,3,0,0
0.287541788384686,0.1516633132454152,247,0.9197068630040269,403,0,3,0,0
0.2998086741916701,0.2061829245589009,320,0.009846710630722205,480,0,3,0,0
0.1962011623416132,0.2999278181111007,289,0.2560474930482951,8,0,3,0,0
0.2019263682883357,0.1000185561955735,104,0.7530661000058917,24,0,5,1,0
0.1032402119315318,0.2252496220356882,387,0.4593742362423069,38,0,5,1,0
0.2275384170921152,0.1038665740542828,51,0.794402526508079,50,0,5,1,0
0.1000455941429141,0.2030193955946433,16,0.4951937521815878,98,0,5,1,0
0.1002241982203005,0.2066924867738463,508,0.4893406092375714,133,0,5,1,0
0.1265574388505072,0.1321310806642465,391,0.618725824200431,139,0,5,1,0
0.2956819656395178,0.1709317793568624,361,0.953058880180504,167,0,3,0,0
0.2986227174059944,0.1834603624145697,363,0.9735548291254167,202,0,3,0,0
0.1488242024572295,0.2859129661102524,509,0.3355027741828508,216,0,3,0,0
0.1362105778351581,0.2770123991307606,430,0.3600971542518404,228,0,3,0,0
0.1377735374869762,0.1217193040199869,431,0.6431063926357243,234,0,5,1,0
0.2901893417366826,0.1568041363426558,400,0.9289113208326506,247,0,3,0,0
0.1211131113834491,0.2614561535112628,370,0.3946664790109403,263,0,3,0,0
0.2977096694117216,0.2212795794942497,160,0.03412845412647225,288,0,3,0,0
0.2951200573364381,0.1691426719835835,167,0.9500742479121979,293,0,3,0,0
0.2055003447187978,0.1001513835450166,251,0.7587584905911108,304,0,5,1,0
0.2488678666612069,0.2872463844980553,349,0.1687395246977586,314,0,3,0,0
0.1307853474995448,0.1278242985538677,439,0.6283325943749773,323,0,5,1,0
0.2326951754849257,0.1054958969144201,57,0.8030107318741211,337,0,5,1,0
0.2999758320225978,0.1978015888943799,410,0.996500838159168,499,0,3,0,0
0.1014828773451864,0.2171574049266317,132,0.472557360484114,353,0,5,1,0
0.2821082752384111,0.1429190825461492,29,0.9033148020859103,371,0,3,0,0
0.2754643728046881,0.2656134775575496,510,0.1139048632049713,381,0,3,0,0
0.106573898352492,0.2356589894830111,445,0.4419696753750312,503,0,5,1,0
0.1101929396682625,0.1560148671188586,100,0.5724844325476297,394,0,5,1,0
0.1889309469909181,0.1006145077715961,339,0.7323468802161628,412,0,5,1,0
0.1847634523939252,0.2988324218920482,162,0.2743445397995857,425,0,3,0,0
0.2334107814898675,0.1057465136971776,511,0.8042174826884245,427,0,5,1,0
0.2334107822933161,0.1057465139819824,428,0.8042174840451149,511,0,3,1,0
0.1545262883628389,0.1109374290179072,102,0.6748666080256481,433,0,5,1,0
0.2998944274315272,0.2045938402374651,448,0.007313897820127178,0,0,3,0,0
0.2153717085642846,0.2988114901001635,321,0.2254377805254688,7,0,3,0,0
0.100023179300634,0.1978470200077982,322,0.5034268388578875,16,0,5,1,0
0.1065433894556667,0.235578953688449,260,0.4421059971503379,33,0,5,1,0
0.1050342431403771,0.2313289805783555,326,0.4492844395519996,35,0,5,1,0
0.2252359021176567,0.1032366327357917,49,0.7906031970238454,48,0,5,1,0
0.2304095743527993,0.1047358525588899,421,0.7991771387503854,54,0,5,1,0
0.1002691717080155,0.1926677501273686,237,0.5116801198533052,134,0,5,1,0
0.1324433765231982,0.2737299303160774,12,0.3680503806503002,163,0,3,0,0
0.1006954956442204,0.1882264952264443,135,0.5187816769596406,209,0,5,1,0
0.2747667350764576,0.1335926560837823,166,0.8844131072753089,231,0,3,0,0
0.2650695174619814,0.1240660952059958,145,0.8627612099626345,253,0,3,0,0
0.2153018163868672,0.1011776623669395,316,0.7744496508400692,275,0,5,1,0
0.1003757072099576,0.2086602705548907,372,0.4861994637907496,285,0,5,1,0
0.1043680799506838,0.22923244546187,37,0.4527856414120193,294,0,5,1,0
0.1955505059624357,0.1000990390295985,144,0.7429160715241846,305,0,5,1,0
0.216616537232342,0.101390209966727,377,0.7765692777823821,316,0,5,1,0
0.11113805664002,0.1541354709793319,168,0.575832569584895,328,0,5,1,0
0.2996379652597194,0.1914984778478819,499,0.9864530550920941,340,0,3,0,0
0.2999596084729471,0.1971580510322797,469,0.9954762886559581,498,0,3,0,0
0.2858617638305802,0.2512616573269114,3,0.08566187800359917,346,0,3,0,0
0.1062666528364361,0.2348433584706584,443,0.4433568442987173,358,0,5,1,0
0.172168730290416,0.2960490521887249,227,0.2948875749479163,375,0,3,0,0
0.1065738984774641,0.2356589898104366,473,0.4419696748172492,382,0,5,1,0
0.1072778135902224,0.1625487497219324,138,0.5610949603955122,393,0,5,1,0
0.1410597178205641,0.2807839287024869,228,0.350318450191388,417,0,3,0,0
0.2683232602755239,0.2730200801514421,278,0.1302867516506605,429,0,3,0,0
0.2088667902996918,0.1003938755408018,105,0.7641304921157068,441,0,5,1,0
0.1001913546499329,0.2061833901206799,98,0.4901525469842121,454,0,5,1,0
0.1462881147739554,0.2843506572912399,11,0.3402436699369819,458,0,3,0,0
0.2715668686012404,0.2698439927167169,414,0.1230610354491201,472,0,3,0,0
0.2334107820185307,0.1057465138845771,478,0.8042174835811167,477,0,5,1,0
