16.413
16.434
16.456
16.478
16.499
16.521
16.542
16.564
16.586
16.608
16.63
16.652
16.673
16.695
16.718
16.74
16.762
16.784
16.806
16.828
16.851
16.873
16.895
16.918
16.94
16.963
16.985
17.008
17.03
17.053
17.076
17.099
17.121
17.144
17.167
17.19
17.213
17.236
17.259
17.282
17.306
17.329
17.352
17.375
17.399
17.422
17.446
17.469
17.493
17.516
17.54
17.563
17.587
17.611
17.635
17.658
17.682
17.706
17.73
17.754
17.778
17.802
17.827
17.851
17.875
17.899
17.924
17.948
17.972
17.997
18.021
18.046
18.071
18.095
18.12
18.145
18.17
18.194
18.219
18.244
18.269
18.294
18.319
18.344
18.369
18.395
18.42
18.445
18.47
18.496
18.521
18.547
18.572
18.598
18.623
18.649
18.675
18.7
18.726
18.752
18.778
18.804
18.83
18.856
18.882
18.908
18.934
18.96
18.986
19.013
19.039
19.065
19.092
19.118
19.145
19.171
19.198
19.224
19.251
19.278
19.304
19.331
19.358
19.385
19.412
19.439
19.466
19.493
19.52
19.547
19.574
19.601
19.629
19.656
19.683
19.711
19.738
19.765
19.793
19.821
19.848
19.876
19.903
19.931
19.959
19.987
20.014
20.042
20.07
20.098
20.126
20.154
20.182
20.21
20.239
20.267
20.295
20.323
20.352
20.38
20.408
20.437
20.465
20.494
20.522
20.551
20.58
20.608
20.637
20.666
20.694
20.723
20.752
20.781
20.81
20.839
20.868
20.897
20.926
20.955
20.984
21.013
21.042
21.071
21.101
21.13
21.159
21.189
21.218
21.247
21.277
21.306
21.336
21.365
21.395
21.425
21.454
21.484
21.513
21.543
21.573
21.603
21.632
21.662
21.692
21.722
21.752
21.782
21.812
21.842
21.872
21.902
21.932
21.962
21.992
22.022
22.052
22.082
22.113
22.143
22.173
22.203
22.234
22.264
22.294
22.324
22.355
22.385
22.416
22.446
22.476
22.507
22.537
22.568
22.598
22.629
22.659
22.69
22.72
22.751
22.781
22.812
22.842
22.873
22.904
22.934
22.965
22.995
23.026
23.057
23.087
23.118
23.149
23.179
23.21
23.241
23.271
23.302
23.332
23.363
23.394
23.424
23.455
23.486
23.516
23.547
23.578
23.608
23.639
23.67
23.7
23.731
23.761
23.792
23.823
23.853
23.884
23.914
23.945
23.975
24.006
24.036
24.067
24.097
24.128
24.158
24.189
24.219
24.249
24.28
24.31
24.34
24.371
24.401
24.431
24.461
24.491
24.521
24.552
24.582
24.612
24.642
24.672
24.702
24.732
24.762
24.791
24.821
24.851
24.881
24.91
24.94
24.97
24.999
25.029
25.058
25.088
25.117
25.146
25.176
25.205
25.234
25.263
25.292
25.321
25.35
25.379
25.408
25.437
25.466
25.494
25.523
25.552
25.58
25.609
25.637
25.665
25.694
25.722
25.75
25.778
25.806
25.834
25.862
25.889
25.917
25.945
25.972
26
26.027
26.054
26.081
26.108
26.136
26.162
26.189
26.216
26.243
26.269
26.296
26.322
26.348
26.375
26.401
26.427
26.453
26.479
26.504
26.53
26.555
26.581
26.606
26.631
26.656
26.681
26.706
26.731
26.756
26.78
26.804
26.829
26.853
26.877
26.901
26.925
26.948
26.972
26.995
27.019
27.042
27.065
27.088
27.111
27.133
27.156
27.178
27.2
27.223
27.245
27.266
27.288
27.31
27.331
27.352
27.373
27.394
27.415
27.436
27.456
27.477
27.497
27.517
27.537
27.557
27.576
27.596
27.615
27.634
27.653
27.672
27.691
27.709
27.727
27.746
27.764
27.781
27.799
27.817
27.834
27.851
27.868
27.885
27.901
27.918
27.934
27.95
27.966
27.982
27.997
28.012
28.028
28.043
28.057
28.072
28.086
28.1
28.115
28.128
28.142
28.155
28.169
28.182
28.195
28.207
28.22
28.232
28.244
28.256
28.268
28.279
28.29
28.301
28.312
28.323
28.333
28.344
28.354
28.364
28.373
28.383
28.392
28.401
28.41
28.418
28.427
28.435
28.443
28.451
28.458
28.465
28.473
28.479
28.486
28.493
28.499
28.505
28.511
28.516
28.522
28.527
28.532
28.536
28.541
28.545
28.549
28.553
28.557
28.56
28.563
28.566
28.569
28.572
28.574
28.576
28.578
28.579
28.581
28.582
28.583
28.584
28.584
28.585
28.585
28.584
28.584
28.583
28.583
28.582
28.58
28.579
28.577
28.575
28.573
28.571
28.568
28.565
28.562
28.559
28.556
28.552
28.548
28.544
28.54
28.535
28.53
28.525
28.52
28.515
28.509
28.503
28.497
28.491
28.484
28.477
28.47
28.463
28.456
28.448
28.44
28.432
28.424
28.416
28.407
28.398
28.389
28.38
28.37
28.361
28.351
28.341
28.33
28.32
28.309
28.298
28.287
28.276
28.264
28.252
28.24
28.228
28.216
28.203
28.191
28.178
28.165
28.151
28.138
28.124
28.11
28.096
28.082
28.067
28.053
28.038
28.023
28.008
27.992
27.977
27.961
27.945
27.929
27.913
27.896
27.879
27.863
27.846
27.828
27.811
27.794
27.776
27.758
27.74
27.722
27.703
27.685
27.666
27.647
27.628
27.609
27.59
27.57
27.551
27.531
27.511
27.491
27.47
27.45
27.429
27.409
27.388
27.367
27.346
27.324
27.303
27.281
27.259
27.238
27.216
27.193
27.171
27.149
27.126
27.103
27.081
27.058
27.034
27.011
26.988
26.964
26.941
26.917
26.893
26.869
26.845
26.821
26.797
26.772
26.748
26.723
26.698
26.673
26.648
26.623
26.598
26.573
26.547
26.522
26.496
26.47
26.444
26.418
26.392
26.366
26.34
26.314
26.287
26.261
26.234
26.207
26.181
26.154
26.127
26.1
26.072
26.045
26.018
25.991
25.963
25.936
25.908
25.88
25.852
25.825
25.797
25.769
25.741
25.712
25.684
25.656
25.628
25.599
25.571
25.542
25.514
25.485
25.456
25.427
25.399
25.37
25.341
25.312
25.283
25.254
25.224
25.195
25.166
25.137
25.107
25.078
25.048
25.019
24.989
24.96
24.93
24.9
24.871
24.841
24.811
24.781
24.751
24.721
24.691
24.662
24.631
24.601
24.571
24.541
24.511
24.481
24.451
24.421
24.39
24.36
24.33
24.299
24.269
24.239
24.208
24.178
24.148
24.117
24.087
24.056
24.026
23.995
23.965
23.934
23.904
23.873
23.842
23.812
23.781
23.751
23.72
23.689
23.659
23.628
23.597
23.567
23.536
23.505
23.475
23.444
23.413
23.383
23.352
23.321
23.291
23.26
23.229
23.199
23.168
23.138
23.107
23.076
23.046
23.015
22.984
22.954
22.923
22.892
22.862
22.831
22.801
22.77
22.74
22.709
22.678
22.648
22.617
22.587
22.556
22.526
22.496
22.465
22.435
22.404
22.374
22.344
22.313
22.283
22.253
22.222
22.192
22.162
22.131
22.101
22.071
22.041
22.011
21.981
21.951
21.92
21.89
21.86
21.83
21.8
21.77
21.741
21.711
21.681
21.651
21.621
21.591
21.561
21.532
21.502
21.472
21.443
21.413
21.383
21.354
21.324
21.295
21.265
21.236
21.207
21.177
21.148
21.118
21.089
21.06
21.031
21.002
20.972
20.943
20.914
20.885
20.856
20.827
20.798
20.769
20.74
20.712
20.683
20.654
20.625
20.597
20.568
20.539
20.511
20.482
20.454
20.425
20.397
20.368
20.34
20.312
20.284
20.255
20.227
20.199
20.171
20.143
20.115
20.087
20.059
20.031
20.003
19.975
19.947
19.92
19.892
19.864
19.837
19.809
19.781
19.754
19.726
19.699
19.672
19.644
19.617
19.59
19.563
19.535
19.508
19.481
19.454
19.427
19.4
19.373
19.346
19.32
19.293
19.266
19.239
19.213
19.186
19.16
19.133
19.107
19.08
19.054
19.027
19.001
18.975
18.949
18.922
18.896
18.87
18.844
18.818
18.792
18.766
18.741
18.715
18.689
18.663
18.638
18.612
18.586
18.561
18.535
18.51
18.484
18.459
18.434
18.408
18.383
18.358
18.333
18.308
18.283
18.258
18.233
18.208
18.183
18.158
18.133
18.109
18.084
18.059
18.035
18.01
17.986
17.961
17.937
17.912
17.888
17.864
17.84
17.815
17.791
17.767
17.743
17.719
17.695
17.671
17.647
17.623
17.6
17.576
17.552
17.529
17.505
17.481
17.458
17.434
17.411
17.388
17.364
17.341
17.318
17.294
17.271
17.248
17.225
17.202
17.179
17.156
17.133
17.11
17.088
17.065
17.042
17.019
16.997
16.974
16.952
16.929
16.907
16.884
16.862
16.839
16.817
16.795
16.773
16.751
16.728
16.706
16.684
16.662
16.64
16.619
16.597
16.575
16.553
16.531
16.51
16.488
16.467
16.445
16.423
